1024 1 1.45426e-09
1024 2 1.45672e-09
1024 4 1.4559e-09
1024 8 1.45564e-09
1024 16 1.45553e-09
1024 32 1.45608e-09
1024 64 1.45614e-09
1024 128 1.45569e-09
1024 256 1.45602e-09
1024 512 1.45537e-09


2048 1 1.45566e-09
2048 2 1.45572e-09
2048 4 1.45526e-09
2048 8 1.45667e-09
2048 16 1.45578e-09
2048 32 1.45514e-09
2048 64 1.4556e-09
2048 128 1.45572e-09
2048 256 1.4565e-09
2048 512 1.45636e-09
2048 1024 1.45588e-09


4096 1 1.45607e-09
4096 2 1.45778e-09
4096 4 1.45697e-09
4096 8 1.45635e-09
4096 16 1.4562e-09
4096 32 1.45634e-09
4096 64 1.45732e-09
4096 128 1.45521e-09
4096 256 1.45587e-09
4096 512 1.45664e-09
4096 1024 1.45832e-09
4096 2048 1.45649e-09


8192 1 1.4596e-09
8192 2 1.46523e-09
8192 4 1.47563e-09
8192 8 1.45917e-09
8192 16 1.45664e-09
8192 32 1.45725e-09
8192 64 1.45751e-09
8192 128 1.45661e-09
8192 256 1.45932e-09
8192 512 1.45672e-09
8192 1024 1.45673e-09
8192 2048 1.45812e-09
8192 4096 1.45711e-09


16384 1 1.46008e-09
16384 2 1.46853e-09
16384 4 1.70708e-09
16384 8 1.95191e-09
16384 16 2.47396e-09
16384 32 2.75297e-09
16384 64 3.59668e-09
16384 128 5.47299e-09
16384 256 5.47454e-09
16384 512 5.4685e-09
16384 1024 5.47881e-09
16384 2048 1.45787e-09
16384 4096 1.45688e-09
16384 8192 1.45547e-09


32768 1 1.46009e-09
32768 2 1.47032e-09
32768 4 1.70344e-09
32768 8 1.95835e-09
32768 16 2.48511e-09
32768 32 2.77841e-09
32768 64 3.64123e-09
32768 128 5.55842e-09
32768 256 5.63627e-09
32768 512 5.81229e-09
32768 1024 6.13692e-09
32768 2048 6.14429e-09
32768 4096 2.12896e-09
32768 8192 1.45714e-09
32768 16384 1.4571e-09


65536 1 1.46125e-09
65536 2 1.46917e-09
65536 4 1.70644e-09
65536 8 1.9567e-09
65536 16 2.48648e-09
65536 32 2.77704e-09
65536 64 3.63915e-09
65536 128 5.55722e-09
65536 256 5.65016e-09
65536 512 5.8091e-09
65536 1024 6.13627e-09
65536 2048 6.13743e-09
65536 4096 6.14524e-09
65536 8192 2.12914e-09
65536 16384 1.45731e-09
65536 32768 1.45638e-09


131072 1 1.46104e-09
131072 2 1.46932e-09
131072 4 1.70564e-09
131072 8 1.95673e-09
131072 16 2.48858e-09
131072 32 2.7777e-09
131072 64 3.63679e-09
131072 128 5.55743e-09
131072 256 5.64611e-09
131072 512 5.80855e-09
131072 1024 6.14813e-09
131072 2048 6.14762e-09
131072 4096 6.14607e-09
131072 8192 6.13874e-09
131072 16384 2.13132e-09
131072 32768 1.45708e-09
131072 65536 1.45534e-09


262144 1 1.46043e-09
262144 2 1.46947e-09
262144 4 1.70499e-09
262144 8 1.95578e-09
262144 16 2.48146e-09
262144 32 2.76603e-09
262144 64 3.62545e-09
262144 128 5.51723e-09
262144 256 5.57269e-09
262144 512 5.67438e-09
262144 1024 5.86396e-09
262144 2048 5.86547e-09
262144 4096 5.87107e-09
262144 8192 5.87176e-09
262144 16384 5.89573e-09
262144 32768 1.88154e-09
262144 65536 1.45682e-09
262144 131072 1.45719e-09


524288 1 1.46064e-09
524288 2 1.46822e-09
524288 4 1.70376e-09
524288 8 1.95314e-09
524288 16 2.47607e-09
524288 32 2.76156e-09
524288 64 3.60826e-09
524288 128 5.49871e-09
524288 256 5.52727e-09
524288 512 5.57189e-09
524288 1024 5.67016e-09
524288 2048 5.66976e-09
524288 4096 5.67137e-09
524288 8192 5.67231e-09
524288 16384 5.68238e-09
524288 32768 5.67728e-09
524288 65536 1.45762e-09
524288 131072 1.45707e-09
524288 262144 1.45502e-09


1048576 1 1.45974e-09
1048576 2 1.4677e-09
1048576 4 1.70324e-09
1048576 8 1.95162e-09
1048576 16 2.47674e-09
1048576 32 2.76017e-09
1048576 64 3.60514e-09
1048576 128 5.48647e-09
1048576 256 5.49839e-09
1048576 512 5.52736e-09
1048576 1024 5.57569e-09
1048576 2048 5.57157e-09
1048576 4096 5.57266e-09
1048576 8192 5.57227e-09
1048576 16384 5.58269e-09
1048576 32768 5.57238e-09
1048576 65536 5.47412e-09
1048576 131072 1.45783e-09
1048576 262144 1.45619e-09
1048576 524288 1.45627e-09


2097152 1 1.70116e-09
2097152 2 2.57439e-09
2097152 4 4.98393e-09
2097152 8 9.58714e-09
2097152 16 1.92866e-08
2097152 32 4.4304e-08
2097152 64 6.18098e-08
2097152 128 9.97124e-08
2097152 256 9.95989e-08
2097152 512 9.96928e-08
2097152 1024 9.97119e-08
2097152 2048 9.12049e-08
2097152 4096 8.91609e-08
2097152 8192 8.7157e-08
2097152 16384 8.44572e-08
2097152 32768 8.46055e-08
2097152 65536 5.90649e-08
2097152 131072 5.47411e-09
2097152 262144 1.45677e-09
2097152 524288 1.45788e-09
2097152 1048576 1.45599e-09


4194304 1 1.73239e-09
4194304 2 2.73541e-09
4194304 4 5.13494e-09
4194304 8 1.00475e-08
4194304 16 2.06915e-08
4194304 32 4.87757e-08
4194304 64 6.86195e-08
4194304 128 1.10167e-07
4194304 256 1.1054e-07
4194304 512 1.10204e-07
4194304 1024 1.1062e-07
4194304 2048 1.08055e-07
4194304 4096 1.07135e-07
4194304 8192 1.06771e-07
4194304 16384 1.06108e-07
4194304 32768 1.05998e-07
4194304 65536 1.05411e-07
4194304 131072 6.95825e-08
4194304 262144 5.46953e-09
4194304 524288 1.45678e-09
4194304 1048576 1.45736e-09
4194304 2097152 1.45741e-09


8388608 1 1.72862e-09
8388608 2 2.73766e-09
8388608 4 5.14235e-09
8388608 8 1.00457e-08
8388608 16 2.06776e-08
8388608 32 4.88796e-08
8388608 64 6.84953e-08
8388608 128 1.10363e-07
8388608 256 1.10415e-07
8388608 512 1.10375e-07
8388608 1024 1.10391e-07
8388608 2048 1.08971e-07
8388608 4096 1.08927e-07
8388608 8192 1.08499e-07
8388608 16384 1.08169e-07
8388608 32768 1.08164e-07
8388608 65536 1.07795e-07
8388608 131072 1.06888e-07
8388608 262144 7.89378e-08
8388608 524288 5.4749e-09
8388608 1048576 1.45664e-09
8388608 2097152 1.45641e-09
8388608 4194304 1.45601e-09


16777216 1 1.73162e-09
16777216 2 2.74282e-09
16777216 4 5.13284e-09
16777216 8 1.00411e-08
16777216 16 2.06634e-08
16777216 32 4.89614e-08
16777216 64 6.86648e-08
16777216 128 1.10382e-07
16777216 256 1.10456e-07
16777216 512 1.10474e-07
16777216 1024 1.10833e-07
16777216 2048 1.07707e-07
16777216 4096 1.07575e-07
16777216 8192 1.07043e-07
16777216 16384 1.072e-07
16777216 32768 1.07219e-07
16777216 65536 1.07153e-07
16777216 131072 1.07421e-07
16777216 262144 1.07842e-07
16777216 524288 8.04174e-08
16777216 1048576 5.47792e-09
16777216 2097152 1.45686e-09
16777216 4194304 1.45653e-09
16777216 8388608 1.45549e-09


