2716
7648
4444
813
1906
1539
5345
9574
8681
7438
3810
8594
2864
6423
9695
4536
1045
2839
6463
5956
8495
9376
9428
9141
542
8858
4772
8549
8626
3406
4167
6538
1019
4988
4267
7067
4880
5588
8812
7354
6067
7087
7331
3357
6818
3865
8496
5600
9844
9853
2954
4930
8987
1932
2322
3709
7832
7804
2000
9608
704
6759
1333
4210
5091
3045
7687
3330
2511
5033
9468
4592
5664
430
6250
7375
7084
6471
8238
8630
2081
9244
3428
8972
1795
3931
7453
285
5673
8009
8292
2433
4232
7785
4660
8631
1982
268
6717
5456
9072
2558
9114
1789
2800
9875
3617
5680
9146
5537
7161
3078
7176
7835
8933
5057
4728
1444
5797
7292
8651
6132
5475
525
5575
2643
6342
858
9356
5530
9514
4542
1316
6730
6584
8680
1813
6177
6863
9687
6398
3710
7717
9877
4231
2707
3371
4547
7619
7120
5551
1718
9831
3523
4884
8375
1846
774
6240
1897
3886
5995
3869
2965
5016
3010
5507
2560
5744
1451
9659
4417
3428
2054
2665
9075
2950
9914
3722
7311
8099
6623
81
3631
5466
3177
6345
9527
7610
3774
9392
7687
8632
2383
5916
3879
246
540
7629
4838
6454
8465
3573
5649
3502
8599
7295
5463
5883
1171
6879
9303
8866
8783
7768
9757
7507
519
5672
1000
1132
862
5158
5893
5073
2450
4038
4599
766
9847
9869
900
775
28
1757
3343
5908
1897
6975
477
9120
5950
1910
887
4695
832
2689
4006
3083
6772
8045
6560
4325
5164
3144
6589
5505
1380
1487
2768
5347
8572
2441
8454
4017
423
4122
7203
923
7272
1135
9098
5785
9226
7709
8717
9626
4058
3525
3096
5240
1209
2269
6818
331
932
1345
5748
230
1758
1350
3608
2251
9641
6374
3675
2294
116
2861
6052
950
4242
8503
5927
6409
8040
836
3046
2321
9930
6161
3423
6169
7677
4059
7995
4244
4938
3510
1254
1816
6299
5238
6488
4832
3517
2135
8241
2814
5616
6771
9188
6496
5693
3669
5616
6459
5646
539
2325
4104
835
1836
1888
2140
6768
381
2149
4155
3505
2544
5149
2389
4788
4667
1180
4864
7207
8904
2741
4812
6875
9316
3719
6134
2542
7659
5493
524
5146
3490
3790
7570
7676
3587
5423
2240
6716
8009
6399
9181
8590
5470
2946
8342
6734
3791
7058
8101
2088
77
7403
6874
1549
2227
303
5052
5622
7678
380
2808
4383
6472
5516
4339
4526
6673
9832
2540
8924
9025
3405
8282
6670
6080
4362
1455
5973
3227
8333
6662
3894
9030
451
5709
7704
1147
7273
803
5943
4289
3293
7773
4859
341
5092
5606
3184
8009
4506
2240
9810
7883
9351
6142
8617
3013
4688
1612
7596
5462
3747
8378
2335
9313
2078
436
3778
3282
770
687
1993
9101
6538
5683
8575
1959
5244
6360
8997
8423
2890
3153
4335
3415
3673
9229
1058
612
9554
4591
2856
4652
1029
383
7720
5627
8681
2353
6096
3759
9659
8381
3410
9200
2453
6335
6858
2891
2572
8972
2207
6352
8639
2628
3346
7731
6447
8151
1186
9828
724
3158
8264
2432
8190
5324
7448
9834
718
42
6896
2103
6393
7709
2231
578
9791
1610
5739
496
5873
1211
5308
6639
582
2908
9829
6032
9971
561
7721
1122
2899
9456
2851
7369
2594
3519
1752
5073
630
1545
8258
6205
4319
5942
8460
9953
5442
8201
5019
3608
6126
7235
7120
5870
4014
7600
791
7368
7518
614
7122
4797
186
582
8940
2621
5715
1372
140
5205
1269
873
6607
6110
9131
3930
8329
3854
5797
3469
2809
4581
574
59
2524
7318
6066
7672
8696
5183
9910
2728
548
1911
6058
394
2254
3761
7927
1349
9476
9617
310
3306
7819
7100
3433
8482
5244
9207
8991
9376
2437
8909
699
2792
7537
9402
3128
6553
5694
8996
5026
5894
1082
8976
395
8673
8173
4161
3155
9131
4789
2291
1453
5238
5177
8960
5691
8916
5964
1226
684
3507
4478
6730
311
1138
4123
5619
4659
8626
610
8698
3660
5431
9242
9826
6483
3547
2362
6016
2248
5658
2014
7840
7638
3405
5803
2363
7356
8030
8177
5865
1859
722
6363
5494
4756
5796
1368
6022
7266
9677
3229
90
6523
3091
8817
2354
1793
7895
9365
8574
1436
7251
2019
1120
8699
8270
3517
7346
3447
2708
6024
9001
7026
6875
9980
9173
1540
9949
8143
7582
2945
5540
1235
9626
9455
2782
5746
768
4760
2017
7524
7593
9144
7841
4826
5225
9013
8279
49
3760
5718
5815
1436
6622
6875
5382
6424
9170
5908
8446
9362
5924
2248
7854
2004
5441
6578
5653
2104
3930
4304
1509
1349
2052
9341
3040
1818
1392
7380
1889
7510
5244
4930
6849
1379
5149
8795
7721
6836
7392
2647
1139
5344
8592
2178
5696
2066
1473
2087
9387
6872
4922
5035
9557
4853
4878
6103
9386
8910
8455
4570
8311
3301
2816
1678
1790
2378
2767
7179
912
2460
5923
8916
265
2481
6805
3656
7073
2524
1760
1107
988
2203
8281
2437
9584
5628
4919
3855
9280
5892
2617
4034
9389
4251
2693
8651
7360
6159
7404
9061
6724
8116
5954
8848
9930
3929
6686
5515
1375
4853
8231
6312
5012
2555
8579
1182
2688
8725
4371
8188
8507
5164
6956
950
3415
6165
9050
308
5017
591
2438
4984
4045
6429
7460
4958
9048
416
465
4224
9059
7265
9849
1125
2240
8869
4212
4868
2635
1625
480
2608
178
8241
3781
2907
4298
7785
8471
1921
5657
3273
5643
2291
1178
6355
2084
3954
1711
2065
167
4577
2406
2502
3167
6816
1998
2512
340
5429
6619
413
2399
5406
7077
2170
134
9120
9753
6602
8328
1569
5162
45
9784
483
8322
9491
7832
6433
1039
633
7660
8289
2441
931
8802
7115
1871
6043
2514
7980
3499
7831
7944
4926
1749
3173
8982
147
4945
7895
2979
8776
1948
8589
4657
7040
8295
7936
64
5963
9835
5975
865
4938
6906
9955
5331
2776
8134
992
1133
8804
2374
3576
2415
2640
9745
4157
915
5056
617
2971
5696
2802
6222
5511
4025
794
1587
9777
5848
8683
2032
6171
8829
5981
2699
9810
1499
5904
8829
726
5860
1289
7169
3614
3125
3605
6066
4858
4098
857
3809
8359
4445
9494
5432
6959
6410
9755
3981
2809
4119
4123
7036
8831
6694
6406
2049
8160
1460
9676
4340
5421
3309
8729
2705
3485
2655
4790
8876
1892
2818
9568
2637
1469
1664
5497
231
6457
824
2000
765
3632
266
9205
3846
5178
6154
7860
7510
7442
6213
9046
8297
1217
7759
3603
7462
1165
1237
6754
8324
4196
1864
8356
3497
6345
4972
1233
6700
8179
384
6037
3895
7540
7088
1641
2851
9748
9696
8398
4383
5113
773
803
9111
1044
9494
6204
1114
7862
9435
5792
6989
5976
7131
667
9720
1199
1637
7333
5801
8007
4301
1455
3627
7853
6911
9397
5137
4485
215
9295
7928
2444
9872
9052
2553
7828
5546
1259
7696
7354
7034
3943
4012
3664
6776
8815
8041
4378
1695
769
7446
9460
9490
1003
4273
7318
7822
6358
4092
3432
8923
6174
9308
5381
2794
3136
9465
7686
2766
6768
7943
7451
4019
4742
2475
1317
3402
8857
3565
7560
7735
6790
7775
9394
8687
1979
943
3524
6639
4684
6542
7161
5245
1177
1877
8138
5
3353
7508
8045
8496
1105
1859
1963
6210
3311
7166
2331
8094
4624
1324
1647
9737
1239
7354
168
4097
1102
6469
2417
7831
6885
2032
3728
5196
8877
6158
461
6095
2811
8376
2560
4640
1556
3019
2603
1935
4701
9842
9329
1936
5156
1152
1130
2824
7698
1527
925
8585
6593
6722
2073
7885
2745
269
553
7614
3111
2182
4319
5143
7536
9844
1371
7888
7952
4373
6802
5058
5727
3503
9270
7979
7935
7247
6848
5425
4179
9574
7836
169
842
903
9712
6698
859
190
7305
914
2198
4784
4626
3065
4583
250
173
9844
608
5767
2991
5129
9197
3319
1280
9262
1888
1719
1643
6117
9060
7231
725
9665
1402
5432
141
5957
5352
4203
7227
8495
9937
3759
4374
6491
399
1798
9404
9746
3503
6780
6436
3870
8778
7967
3228
2932
855
1005
3059
4648
9835
6304
4979
8850
3381
5857
6478
2533
7777
6017
2308
166
4861
9522
4470
1865
5211
6975
6958
4150
9868
5083
2184
230
4297
492
10
4882
1006
2427
8774
3286
252
9136
1666
7580
9557
102
9192
4661
9782
669
7363
2835
8972
9587
1179
1469
1642
7504
6000
6588
1778
8096
3928
4439
9280
3352
2225
6844
9981
4757
8796
8464
1052
4353
7078
9275
2351
5200
4576
8777
2579
2015
914
1661
4351
2984
5273
6137
6993
5891
8888
2621
8741
5914
9245
3491
5975
9476
7897
2296
4011
446
4660
5125
6874
9072
21
4418
5341
786
5078
1828
1055
2685
5232
8594
1404
8239
2569
7931
7280
5860
4553
9227
3067
3160
6342
7794
2340
8640
3289
3430
6861
3364
1660
5142
4529
5778
5310
6908
4243
7977
7379
3026
3697
8803
4157
2303
2929
429
3433
4444
5286
3801
1069
4159
9160
5728
8277
5842
7656
6899
9065
3946
8229
6294
9412
6690
6282
9710
5635
6678
3111
9668
3868
5327
9610
7761
1508
1242
7007
2275
9505
3212
1256
1258
7580
4352
1055
8241
8229
9173
9677
3890
5928
3493
5413
2746
1891
8444
3488
9626
7264
3754
1470
1273
5462
9405
788
7885
8782
6774
8035
7539
8989
6243
6293
6534
8438
3621
9602
7740
7840
8516
5059
9893
833
8144
2108
5041
5213
7351
5052
451
7419
9442
3451
7183
151
302
2486
6206
635
1444
6296
7454
7693
6770
869
5313
4077
8057
5975
1065
8146
9900
9246
6010
813
5599
287
2695
1835
176
9968
1422
7788
1421
2701
4899
6440
8645
9553
1612
7924
5179
6946
1316
7901
3185
7002
9434
5929
6035
4702
5633
446
1370
8968
1079
1315
8102
8502
3988
5610
4803
5849
7631
6976
6889
3410
5640
8349
9130
4863
4318
5696
1865
2718
6356
8978
9655
8555
1611
8416
3421
1321
8018
7264
570
1307
4138
3434
9798
4654
4603
5760
4973
7601
6474
4173
1973
7592
7362
4680
93
9242
3179
5156
5412
8832
5245
2213
2797
9915
9311
9463
9932
2019
2488
56
5444
1967
15
2782
297
3689
2075
478
7042
8352
5424
1907
7048
9097
2886
8068
4301
3241
6159
3877
4360
7667
3089
8909
3928
3709
2240
5113
9818
4063
2164
9074
4318
8790
8646
9569
9624
9317
3301
3374
1664
5004
4722
5000
9605
9399
6081
8653
8047
725
5700
1112
5353
2750
6512
1703
7662
9420
5878
1309
9098
2803
8667
9727
2711
3208
761
6579
9607
4787
3833
9776
7297
18
926
4415
2921
8523
5843
1180
1987
3753
1085
3196
5441
5530
3456
1100
8298
7439
6285
1309
851
4635
5366
7452
3488
5643
6527
168
1966
4989
4008
641
1037
2406
8553
1884
7505
1976
14
6202
5296
6569
6312
3242
6180
8190
9805
623
2192
4593
3677
2822
1240
8374
4301
1989
3047
2268
1985
4311
3700
6205
6425
225
1401
5950
9994
5223
2552
188
5443
4902
4318
5522
9892
1818
1680
7173
7495
6935
9592
6157
2418
5409
6873
5101
9580
4410
606
8188
471
1454
9528
971
5506
3483
2031
1118
4128
2661
2714
7346
4464
7726
8062
3079
7486
1510
1729
3299
2028
3675
9281
9202
1968
2344
8363
7677
7987
9881
8832
2993
5480
243
1480
7334
2467
606
7598
7713
6307
7653
6577
1921
213
6795
656
6807
4047
143
3368
149
3659
1616
3971
2126
4565
3929
1932
5313
1047
6760
6074
2602
583
7983
8357
1919
7639
1687
5718
6971
277
8579
9976
8399
3827
2310
7249
239
7776
755
9736
1584
5587
4499
3949
7327
136
992
1466
7915
4063
1415
3034
1551
920
2285
5398
8288
637
7579
4171
592
7002
5962
7777
3833
8948
7542
4889
4132
6741
991
8393
2312
4921
5733
2952
901
4589
2714
9754
9382
1683
7354
9947
4090
4205
4041
4786
6886
2310
9002
839
1167
6205
8663
2968
1179
8633
2309
140
2393
3559
5525
3272
696
8809
1649
4440
3141
9748
3639
8501
6745
7187
1485
8915
8751
9736
4661
6606
7019
462
1721
2121
5517
2324
3132
5875
475
2310
8091
9388
7951
2815
8384
735
5625
7692
8919
5027
3837
1210
2720
7451
9561
1409
1319
7600
9695
2754
2944
6879
7763
5262
4470
1109
8580
178
5349
1130
2425
4271
4107
6912
3340
4297
955
2690
1710
7094
5889
3669
4825
4279
1819
4718
4091
3234
6344
6937
4848
1981
8439
6052
243
6483
1924
7126
7388
9165
4763
3810
1925
5876
3771
9047
7171
5035
9751
9927
1209
1597
4099
5142
5745
1841
7357
9646
6092
9371
698
1920
8677
3933
578
3964
1018
1234
9015
4488
142
670
3856
7961
1241
6000
2475
2811
2606
3861
102
2370
3304
3639
4541
4155
3383
8112
120
2070
9036
6240
7983
8588
1360
7593
2928
7972
1330
7700
3292
1893
359
8424
4923
5520
5523
2552
1630
4906
5893
9763
6234
2443
662
8794
8546
4863
4094
3375
5808
4338
257
6
997
2878
3548
9303
1179
9614
6461
4484
8758
5820
8061
3421
7986
1256
6971
6289
7565
6574
5229
5059
6680
4981
5199
8411
6444
9703
1112
6503
6113
1965
3446
4018
28
1445
8841
3581
8369
1458
6163
203
5806
285
4649
6014
9918
8013
6763
9942
7598
349
5730
1449
9124
2889
707
3221
8192
2239
9841
1001
5410
5875
9857
3495
1795
431
3287
2256
4931
8407
6188
8745
1676
7177
6441
2393
3990
8861
8197
275
9259
4900
3585
6150
7503
9448
8624
463
8038
1098
2687
5453
7771
3851
1381
9340
5087
4586
3017
9924
9433
9509
9445
4857
8849
5773
6018
7569
1205
1006
8485
8549
8658
7006
3247
2864
8126
383
4809
504
451
7056
6262
9303
2177
3375
3638
5193
2017
5225
2307
1840
7563
5169
441
8961
3363
5901
1897
7382
3007
1565
4165
9437
1290
1026
4708
7252
6630
8230
9754
713
3198
1068
4939
7982
6553
7598
3231
5925
6761
9695
8359
5698
1153
2167
4291
4068
3230
3824
3486
8047
3667
971
3505
9169
9842
9333
8455
2940
6801
4263
6082
8050
9934
7581
705
3120
9414
1549
4356
166
352
8169
4056
2881
1470
9624
517
4564
6088
7820
7670
7819
2386
2520
8528
4360
8563
4766
8050
4257
4027
7296
3492
2806
4391
2777
2303
7146
9718
8826
2181
63
6824
1730
667
6224
8686
8175
1789
5081
9769
3698
2124
7684
2044
3993
3021
4139
4774
1800
5220
7733
8823
6713
7900
7786
9329
6097
3468
1032
1736
7906
5450
2229
4625
8831
2711
9067
5993
948
3227
3349
4973
4005
9662
5573
6914
6311
9823
8634
5778
3291
8839
2252
4113
8542
5499
3346
6684
2440
8625
6869
552
2216
2554
2227
2975
4937
279
922
1554
2529
8062
201
4215
4378
2383
3318
5579
2878
9272
8044
7983
2271
9259
5857
2496
1
6530
8842
1567
5613
4691
2887
4239
203
7422
2519
5299
2402
2095
8472
7327
465
1876
518
3777
1608
1808
8863
3323
2142
5428
2876
7216
9397
1904
1387
4767
9980
2503
3869
1786
885
9414
4580
5013
2420
4000
419
5155
1162
6204
78
1792
270
9548
2949
1920
3094
5730
3046
2133
1098
8399
4585
4296
3902
2027
9091
5989
8063
7196
6926
5983
8001
4103
7655
7042
9324
6374
5814
8017
1079
1634
7567
9605
6857
5706
6202
5461
483
1476
4984
4858
6319
8989
7335
3632
4811
3043
2152
3286
4955
120
6690
8652
9655
1675
1721
3175
4316
2378
363
7058
6205
3849
7540
8388
1458
1700
5842
8286
136
7329
494
3434
7707
8422
5014
625
2864
5830
2302
8454
5435
9416
6463
3652
2315
37
386
4737
3743
9757
8672
2800
5240
4356
8710
2146
6099
2172
6460
8346
1806
3298
8012
7958
1862
9965
5333
7116
2172
8488
7568
2899
3591
9538
7043
4800
299
2230
8562
5213
312
762
3054
9290
6557
8819
8828
8256
5166
5829
7134
1553
2918
4079
6047
1696
3634
8425
1910
1648
3611
436
7488
5792
8807
6796
4944
5036
5181
1297
7436
3107
7596
9769
8165
502
3449
4646
6580
9794
9884
5634
8442
9774
7672
7356
8691
1476
6114
3271
5616
7870
9583
9779
7591
9821
409
1234
9927
8786
9812
3377
1785
6474
3450
7861
4929
333
659
6479
3831
9310
7974
8964
6394
7593
8475
232
9782
4826
8566
7148
950
4544
1317
5321
8054
2035
9983
3410
111
4859
7307
6529
262
4213
1460
8498
3202
84
4581
5717
171
6599
8410
9733
585
2115
9671
8493
6963
3186
3761
8534
3107
7154
695
5627
5063
7790
6128
778
3840
3710
8382
895
5233
6382
9958
5777
507
5490
9268
6906
7041
1406
183
2614
4686
4914
5794
509
3521
6123
3500
156
729
2242
9271
7332
6683
6276
4518
5690
3772
2648
8516
4765
7954
7273
1027
9133
5971
658
747
286
9235
2582
579
9422
3575
7564
7421
7622
5932
5696
6673
7849
4488
1861
1814
104
1395
4183
7281
376
7784
8361
434
3744
7570
3571
5392
1827
5859
3135
3184
1897
4977
4917
454
3785
3695
4246
8954
993
9048
9806
9304
7663
7399
3312
7559
1502
3558
1493
3867
6785
3722
6875
7840
1318
6968
2322
6050
6212
8053
9175
5940
8727
8408
238
6168
4957
5579
4648
9534
6505
5737
8837
5027
6784
2289
184
7497
6223
5724
7023
8281
9043
6142
732
6622
3435
765
6384
9279
4076
3060
7452
9712
4916
3072
5093
458
4822
1037
8864
2504
4093
1513
9044
3039
8803
1860
1916
9125
1435
1000
1808
1389
2658
41
3799
808
8294
937
781
8190
7031
6507
4831
4827
1281
6976
2019
174
8794
4691
4538
3780
4603
7136
3317
1823
6126
5620
5988
6448
8540
3552
7342
826
779
9099
846
6932
7141
231
9576
5928
83
6972
8673
142
1318
7195
3408
3769
4274
9953
34
2567
9161
9010
7287
2612
9051
4502
3829
8609
3781
9082
5844
2597
8658
5380
970
8046
1892
2414
7346
6420
6738
1775
9517
495
7664
9878
2035
5323
4195
8020
3794
7077
7857
1705
7744
9049
817
4307
5703
8305
5529
5610
2941
9631
2149
1026
9705
7245
4406
7801
5743
1087
6758
6943
6492
7999
7038
7742
7737
1156
2566
9165
2850
2844
6015
9690
6927
987
8176
4123
1513
5640
9650
4088
979
4532
457
2452
3547
3833
9091
6353
1562
2396
6342
4984
5390
3214
6446
9803
7748
5752
5167
8580
8474
6103
9499
6742
8832
381
4997
1097
7942
9631
5427
6583
448
4228
6714
3348
1919
5562
9562
7428
9008
8859
7970
7025
1557
6824
1138
9709
3807
6726
2442
5810
1850
7855
5741
7044
5497
2398
8414
1264
9241
1704
337
6987
8666
2590
8259
5859
1792
9079
478
392
2456
8282
7497
6392
2295
6739
9029
107
5397
9886
2759
6528
394
402
8217
1514
5356
9884
6971
7326
7126
1129
3818
7147
9363
9499
7206
2416
1701
8232
9434
1566
4657
4768
8928
4743
3728
5380
7471
7959
4396
3823
5734
2733
9129
4004
3728
1022
7809
8990
6569
7070
7417
8754
1218
5574
9996
5468
196
6322
4422
6514
7057
3048
3426
5355
5240
5560
9793
3509
9645
7305
2386
9045
979
9555
2208
9690
2820
8452
6637
3452
9837
1236
7266
8288
2983
1208
2708
6242
7213
8865
1210
9347
4184
7451
9404
5361
5851
9249
8646
5879
1474
2116
7013
5641
1680
2480
9349
5128
3243
5232
8353
4263
7376
6710
4502
9575
7661
8818
184
1031
7596
7917
6123
7726
5521
7822
6797
7287
4867
4502
1198
6072
7931
4134
9776
8992
513
3916
2082
1079
1829
3534
6822
7268
1681
4171
2271
808
1770
4982
2627
5574
2889
5750
4979
2701
3286
7187
2694
9009
3684
6212
5886
8729
442
9873
4923
8034
1186
9640
3001
8768
1719
5465
6543
9521
880
6376
9455
9548
5281
1143
9395
8285
9784
448
7642
2687
1690
5782
6660
9286
5627
6737
4967
5665
5036
8943
4921
1575
3808
514
89
4868
5002
6939
3323
6526
6745
6775
1611
510
3032
2110
4670
1323
7917
5402
8549
195
2860
4980
1836
2271
5846
5498
1898
742
4952
4893
825
1183
9871
1508
1107
9760
7469
7323
47
3120
7972
6794
1473
1590
9474
8916
5301
2791
9158
2466
2546
7850
8521
7484
203
6086
8701
3263
9095
743
2235
5356
3514
4781
1994
4367
4107
4402
3945
2116
8308
5501
9723
1420
770
4141
7356
5638
1037
7584
1228
7456
7223
9393
3925
3851
2426
1864
3654
2290
8598
5313
703
9536
8831
7447
613
5877
1345
9378
8789
1468
8426
9464
2106
406
6896
3229
3131
2674
2834
5279
7858
2379
8790
6539
2462
7833
7544
5507
2134
9970
2970
4400
2156
38
6980
2812
1785
9823
9868
418
3991
7293
4411
4179
8454
5410
427
9775
1533
5406
8127
6247
5768
5299
7346
9602
7347
677
9685
8003
6760
1514
5224
8136
3393
1986
5013
1026
659
4370
6968
5935
1430
8459
9318
7060
2016
1388
1338
6582
8736
2628
8336
5215
8355
7431
4808
5852
7995
3607
6695
4656
425
3636
2700
9125
4050
7247
2497
2717
1623
141
906
11
1163
5372
50
9003
5312
2562
1456
6599
2940
3140
4350
4553
7458
23
785
5662
42
7671
5606
4549
6758
3674
9408
7408
6187
1170
4554
8083
4295
3507
5638
5569
4615
8826
6938
6108
5952
2995
3724
5215
6006
2601
5388
6457
9694
7811
1630
5515
6719
7023
9700
167
7622
160
4011
1286
3034
1505
8744
2683
5000
4634
6743
5232
5165
1952
7580
3113
9849
4702
3611
3081
6167
4753
8537
5237
6998
9121
9638
54
2059
5379
3625
4299
1286
3252
9419
9432
7203
7147
2771
9609
2430
6882
8001
935
4907
3937
7165
761
970
5760
4417
3511
4540
1967
9950
5141
7794
4018
7838
6190
8256
1583
4710
4737
2192
8446
8732
8207
2522
7829
5523
3037
8424
4174
5401
2024
5398
9505
9115
2266
1258
7601
1674
9936
6247
9975
3645
5933
6171
3241
615
1698
2326
6109
1172
1706
3100
3269
4029
6764
8762
6073
2283
956
1232
58
1801
6334
5527
3235
7875
9163
3787
9741
5470
7157
4305
8266
4974
7072
402
3515
4763
6659
7712
6895
2059
1085
7185
5253
5269
5448
4432
5469
1345
6139
6149
7914
1802
9585
3251
183
1993
6310
1414
168
6880
8260
9989
652
8851
4832
6067
5695
2882
2202
2722
4268
3015
572
714
752
9870
3989
536
9348
7112
6200
7541
3013
2209
106
3846
9817
3195
4785
8077
4144
6187
8664
3692
788
7568
8230
7087
5091
3528
6995
2904
5627
1112
6999
9718
8930
4135
3151
9867
7348
751
2176
5339
8440
2891
9493
8800
928
5338
9521
608
4352
6408
163
2303
6907
2241
5392
9337
1182
5313
546
5382
1143
3446
3461
7769
6330
9315
7426
3975
4256
9749
4717
740
6200
5911
9807
7018
9577
8452
3004
6044
7870
8694
1904
1070
6904
6448
3723
775
5261
9589
2177
2077
6805
2781
5288
7748
5825
143
6809
1884
5889
9507
7416
7565
427
5563
5437
4988
399
3033
7789
577
7605
2672
4683
5455
1033
4217
8584
6573
3356
2550
5594
111
1701
8168
7955
868
9415
4209
4082
4668
467
9561
850
7987
5166
282
5012
5423
2276
653
1476
194
9181
2975
5203
3703
1960
6137
9620
3342
2556
3999
2845
5789
1079
5476
1096
9384
8984
8810
9186
4598
6738
8698
3495
8700
1426
5831
8308
8401
2728
2221
9900
5349
1442
2822
6029
5154
7373
7159
7090
1949
1695
1897
9511
5641
8798
5031
5466
6736
4431
7106
4662
3517
8072
4359
4627
4303
3897
4706
3254
9033
1644
4133
820
4583
8760
8816
7609
9097
6149
4609
658
4002
9742
2582
6344
6558
4977
1169
3593
2837
7774
6396
209
8269
9082
4859
5917
208
6860
8498
4598
1011
8736
5482
5557
4904
9912
1929
5276
7730
2947
743
2400
9696
2066
6177
715
7620
243
7450
1016
5258
4831
9232
5687
5293
365
9229
7392
9244
6796
8462
3778
5971
1828
1286
8995
8934
2064
3606
9464
2331
3079
2775
2907
4577
1050
2628
365
3086
5060
3915
8137
3161
3488
3833
4406
6777
431
2286
2252
3823
8690
4846
6437
2819
7744
4736
1915
4757
5584
7338
3162
6610
4307
210
4657
6877
7966
1557
919
7213
8635
7544
8668
7255
8109
1197
2274
7015
5444
5920
3521
7243
2144
2918
7888
3134
3352
1278
3224
9675
8847
742
9872
7525
3808
7583
9157
3615
265
1022
8739
8936
9015
800
7353
5617
7846
6344
5108
1444
3809
5189
4579
2859
6747
2089
6615
929
7721
3966
9724
9595
6032
19
6025
4985
8606
3203
9273
4843
9320
5475
4306
4492
3709
9711
8141
8803
1875
5536
74
9288
2199
1489
9342
7696
8581
2559
9791
2047
150
8434
9501
9606
7651
4997
1844
4932
2308
3118
3289
4325
1799
7725
6465
8126
9655
6262
7409
1554
5243
3245
9204
4514
5982
2229
3218
27
4517
2551
6270
5040
8207
6201
9052
9854
1977
3670
7527
4848
5663
8193
4975
3306
623
1143
3881
2572
6354
1888
1547
1380
6321
9435
9882
360
6203
8677
6049
4187
5629
4413
8567
4098
6328
7560
1850
1040
6678
1247
6048
8358
2392
3098
6199
1905
1928
8893
4969
8009
9952
6174
555
2480
4799
7417
2330
3786
3874
268
9890
5853
5150
4293
2048
9567
986
9534
8100
203
3049
9053
6091
3018
8463
6897
4451
6889
356
9445
9270
3271
7008
6333
8451
580
5979
1273
2103
2194
7744
5819
2397
7567
8459
1715
4259
4989
1310
378
4029
4871
335
8748
3005
8003
9149
636
8485
3225
1119
5677
5254
6868
5207
3285
2798
204
5798
8963
7945
5085
3106
9228
4653
7123
3347
9010
8149
6679
3003
867
2760
4218
2517
5958
2390
6618
167
8694
5928
8454
7966
3356
6111
4241
3106
2105
8841
6317
9980
9822
2183
4237
7361
6567
7563
982
8341
5946
4118
6911
8174
1131
232
4798
8540
5143
3887
5325
53
7804
6916
4627
5607
7108
2164
7234
7934
1965
8751
9826
8388
3639
5520
6469
4861
9980
9914
670
5453
3751
9115
8982
8606
3267
9198
9247
2374
3660
931
9043
9606
2297
1651
3680
5474
7421
9460
1446
7806
585
7535
1091
3406
8202
5260
8199
5800
3522
3984
4893
1718
8942
678
7712
7551
2094
7137
8585
2096
2020
6159
1076
5590
5264
9947
6428
1101
7146
5423
3947
2107
2118
2930
300
7686
6657
4252
141
7311
7219
6115
401
4947
6300
6986
4755
1944
4586
8645
1957
2481
8441
4512
6961
2961
7320
7219
8076
9398
3765
3396
9762
8336
4644
4478
1967
1652
2759
4991
4693
9790
7116
9219
6394
1905
653
8948
1097
3150
5488
7083
1052
9146
1972
7799
4695
583
3257
6634
2701
376
2204
9469
7097
2413
163
4436
5429
6188
3824
7092
9180
1822
6660
311
7596
3918
2763
1272
4900
5925
8168
9938
3865
9350
701
4578
1578
4058
5922
9204
1923
7745
209
3657
2235
1016
2778
4435
7820
9733
7166
5038
2134
2046
1390
5594
8001
2075
6829
3192
4957
4672
5118
2986
9564
1815
3201
8611
9234
2097
3468
8250
8157
8329
1008
6612
1302
3774
5272
8344
121
6892
9040
7656
6173
7635
5369
7959
384
3240
3653
6128
3057
7579
4221
1547
3915
852
3522
7095
4462
5301
8974
691
2178
4881
565
137
9182
5070
8878
2243
2087
8630
2488
1104
4647
4485
8562
8827
6223
4397
5529
3969
4288
2767
7050
6119
7608
4839
1751
3849
6956
6817
6270
89
51
5763
1475
4513
8765
5256
1799
23
8623
8595
4189
9441
1738
3501
7667
6760
6950
9345
1140
520
9539
6138
6833
5919
3003
8274
4235
5916
5455
5536
7805
6828
458
1589
3898
2152
2263
930
3718
8151
2335
7068
686
8825
6307
6637
910
5891
3817
9873
613
9913
9746
4647
6642
9108
5480
4270
871
1087
7839
5311
5061
2962
2961
7304
8428
9819
8887
8970
5662
9142
9947
2976
6591
5979
8596
4495
5520
7361
8079
7687
1141
4731
2388
6129
6701
3772
8537
2330
7158
4757
2641
7799
6869
5002
7488
5907
1505
5611
442
6540
7680
1706
1745
4896
5311
7508
775
5306
9547
3964
1146
9473
9569
1928
6299
9681
3107
2180
2235
5300
8316
1707
7863
2917
8966
5601
1220
1508
2180
4263
4473
7804
2036
4204
2288
2187
392
8042
3016
5013
8705
799
372
1119
1568
7277
2817
6081
7117
3868
8464
1912
4518
7581
1196
4246
8560
6338
2874
4862
5914
6662
5878
5517
7894
4860
8370
4061
6466
8054
9879
1212
8748
8800
7989
6591
7792
5748
9220
9486
6830
3447
1509
7299
2880
3989
7333
7494
596
5074
627
1702
3536
2688
8642
3043
9556
2288
8167
7559
1717
3326
6832
5876
1573
5119
544
195
5573
1815
1109
3614
1386
3974
1637
7753
6214
3681
8566
8417
5935
1560
4895
5618
4778
2895
4250
4810
107
1430
4119
9077
988
2991
6554
4323
5922
7925
2158
31
7297
1152
7108
4893
4080
4853
2745
3266
5839
2323
9373
91
5916
5769
4917
2503
6869
6469
5759
349
7811
8106
8121
3368
2540
476
9418
1890
3797
7900
1024
6576
1657
7285
1697
263
3380
1690
2766
266
2163
6192
8962
3985
9099
6935
8104
8732
9911
3372
5196
1273
5117
2498
6370
2296
8962
2298
6628
8665
8423
679
6971
992
6285
5841
1104
7735
1961
1969
4290
6430
8393
3738
7213
6330
17
6009
3171
4253
743
653
9571
254
8806
9362
6210
8546
1632
7853
2452
5794
3374
9482
1058
3192
8737
4764
7539
4757
2511
884
5642
8791
4483
1680
4871
7805
2064
238
4502
830
7205
7498
7088
3188
371
8625
6748
5819
7544
9124
6894
5933
8413
4545
7542
4470
4569
1601
7342
4608
6740
4015
6086
6000
2649
3787
560
3573
8277
4995
1397
7645
7405
8811
9198
3023
9704
2135
5237
7512
2227
542
5226
8770
9540
2930
5611
5902
9001
6404
4283
4372
1405
5486
3553
961
1751
8732
3152
3193
2763
8842
1846
7025
2119
8220
4475
1268
8003
3149
6427
2555
1080
822
4840
7159
7760
9090
5318
7450
2902
7354
5399
3944
3376
5134
9436
4570
1817
1218
9072
4640
7000
2542
5127
7652
7112
2569
3628
5750
3706
9320
2120
4290
960
8561
5068
7272
344
2162
8050
7071
1297
7336
567
4747
5069
8228
4866
1087
1492
2874
1366
5912
4482
2268
3006
7407
6961
2072
1532
3147
4471
1491
4440
7026
4239
3818
2885
1041
6453
1842
7379
8930
67
6936
7598
572
5440
9302
4727
893
9080
3613
5313
3896
4399
1582
3578
3934
9399
9406
4087
8957
991
5499
4786
5427
9603
1541
3882
9311
4914
9445
2660
997
7317
8612
4603
7316
1727
1914
7454
6388
3573
5388
8195
8540
8479
5688
6717
4893
5045
5862
2745
76
1952
9222
8100
6869
3675
5177
7701
3854
2437
5734
2351
1572
266
5943
591
4383
2
3542
8062
9732
2087
9968
508
4462
4462
4158
859
9851
1410
8354
9350
6394
5871
9247
187
2717
7340
7973
4254
5736
2935
2471
2867
8605
7972
1004
888
6236
9360
6557
4439
354
6485
1109
4703
434
8574
3304
4007
2090
6876
2708
2201
9790
3436
9335
1708
5157
4515
6396
1632
7336
1463
2658
7995
1762
7631
3959
8436
5892
7909
9887
5105
5685
3638
2141
9702
7303
4899
8883
742
660
2635
5029
7552
9300
8415
5132
5911
5341
8761
8096
3789
6266
3546
1778
248
2964
572
1174
6480
8027
1465
5533
8270
702
7828
9436
7616
1604
1886
4755
9793
6402
4591
1925
5666
6207
9539
414
6480
6078
5218
5564
3273
7606
7988
2586
789
4055
7878
6315
2987
6034
669
4771
484
6384
9585
1544
3436
9640
1212
7435
4590
3298
3596
9210
2764
5725
8554
2903
2895
7173
3362
6581
2227
2558
3325
4801
4695
566
2036
9441
8421
7503
1546
712
1242
4731
1822
8836
9465
3647
1700
749
7475
4128
160
9123
6963
2042
4018
420
9987
7754
7869
5141
2272
2958
4360
1491
842
7186
593
945
1924
5294
8401
2054
1397
3647
7476
7413
7165
8911
6568
9294
3973
7428
5003
7063
4588
5497
4466
6954
127
8578
9524
8050
7468
8916
3079
6276
3794
9057
1693
9459
6555
4440
7003
5814
9465
2154
1766
2034
7143
7039
3122
9185
2327
7778
1825
2739
2994
2957
1666
7971
9945
1670
6781
4685
301
6409
4123
7124
4088
2582
305
4823
3469
8869
8882
7319
281
8371
8783
591
7961
7098
8707
710
1262
2907
5223
4517
303
5471
7970
2034
3487
5988
9969
5507
1895
1058
3084
2982
9329
4543
3320
9588
129
2482
2625
9953
4769
3904
7783
6206
6643
1333
113
2659
968
8159
3164
6701
1434
6324
3284
8646
6764
6157
8244
513
3531
8253
5440
6056
8643
140
603
7045
6220
5031
7411
2930
9905
6544
7585
2211
5231
2965
3847
974
3215
1180
3912
5520
1031
7429
8671
5647
3998
5273
1554
8705
9673
2844
35
7776
8843
7912
9440
3114
3400
9986
6199
1031
6710
6172
3305
7163
819
6228
5874
4663
7835
2479
4979
7394
3441
2349
8439
7053
3011
9536
716
6525
8380
6202
7233
9883
5873
9507
4361
5149
7118
5381
7601
1624
4792
8029
5353
7031
2288
142
7755
544
3237
4404
3366
4281
9483
1510
2543
8679
3227
5333
1961
7612
2281
7296
3507
5596
8390
4153
6361
8717
5398
7764
3468
1915
2365
5410
2464
3039
3070
3790
8934
9247
5012
6496
4954
5180
5502
2675
6918
8662
7991
830
7045
7152
4845
4467
9678
3183
4880
10
4709
3305
9771
614
6947
8318
3209
8044
1917
7186
8246
3180
3181
7036
2298
7477
9069
5089
8804
9449
5427
1311
8143
1108
669
1476
6156
6470
7474
5117
7458
4544
6417
7162
246
8681
4238
6176
4792
7040
1766
3026
1152
1012
3527
4564
9458
6485
7045
7465
7854
5808
5284
8057
3449
3561
462
9630
7507
6267
5477
5136
4412
1282
4867
7662
8333
6580
6150
87
1717
7071
5846
7509
6305
4026
7749
2222
9960
4584
8466
771
7744
6132
6283
935
1134
8878
1011
6885
9768
3478
7199
7272
1479
8636
918
6524
3712
9788
2442
8624
4647
5056
5110
3527
9580
5215
5647
9704
122
129
8310
4198
718
235
9113
1158
6631
4138
1855
6143
6038
1792
1872
4378
980
4069
6561
8983
871
9472
9836
4574
9048
907
6047
7899
4026
11
9955
887
5296
3783
3479
8976
7853
5498
3819
7584
2372
4813
2672
9132
1499
5116
6935
4522
7529
5337
5154
348
5816
2475
6928
3094
5616
9021
6740
9958
9134
7707
7973
8524
2034
292
9746
3421
2580
4741
3879
6319
6725
3901
2564
6136
7933
4391
306
8328
9629
6945
5543
8291
1344
2229
5902
3888
1862
5842
4396
6741
5262
2739
3748
8369
4595
1508
9081
2956
5175
3422
5022
3595
9051
9524
3042
1385
2759
3001
6065
3133
6727
9356
5966
8861
5515
7488
8756
3606
7544
9200
7963
2632
9352
6313
8388
9778
4816
1355
2131
4308
3622
25
8555
3535
3216
8002
7850
9410
732
6269
3213
3698
5644
8188
4615
5728
1023
4968
4077
493
9130
7022
8026
2158
6851
1143
2903
4679
9352
7211
8764
1869
3197
6898
6978
1279
6581
4286
1379
4527
1445
8531
1663
130
7879
725
2945
7194
8660
8412
8229
6816
4551
7356
84
4487
8860
5403
8261
1821
7971
5647
2519
4294
6870
198
6733
8666
8599
2306
240
8189
3601
9610
6644
4843
5667
6073
6519
3342
3411
5165
7981
9747
5547
1235
6319
7772
4635
5372
3716
8214
415
457
6173
841
9215
1973
6540
4767
9303
6388
1012
7648
6301
9350
4536
2832
772
3236
3465
790
7157
9022
9054
7078
5841
3295
714
2054
2696
4296
2577
3504
765
6496
1375
5087
4447
7463
1330
7108
6044
3026
6321
4471
1922
8081
1493
2414
48
6643
8870
527
7325
91
4526
1478
6248
2904
3702
858
5192
9519
9813
5484
2342
4525
8293
730
7646
2732
8150
2750
6296
1552
6045
6314
4881
2145
2453
5981
9928
5990
1870
8139
6935
1871
7906
4569
4070
6255
6606
6451
4103
8828
9807
226
8069
7021
6865
963
4348
3926
9360
9634
5397
354
1112
6347
1651
4400
9358
2946
9580
8784
5547
5944
8803
5914
6829
517
1741
6558
1430
1106
1711
2059
5151
6385
7085
9389
5101
4664
930
276
7298
9999
8599
9362
3089
4861
9815
2704
9238
9950
4722
9544
8275
7695
7718
1423
5530
864
6546
9064
4677
6249
2823
5902
3093
2007
6419
1538
303
4010
8618
8014
7582
76
5953
9998
6741
2590
1340
8954
7287
9279
6262
5545
8373
7608
5420
3802
6469
8113
8791
4287
9900
3253
5932
3811
7794
1321
4148
2222
6435
4658
4762
921
2667
4648
287
9006
5226
9615
9385
9200
4989
1281
8366
6746
4809
9211
5130
9650
5568
8211
2979
1119
9831
7950
6933
7612
9183
6769
3204
2772
6038
9857
1015
9487
4352
7249
8732
2372
6112
7756
7219
4563
5838
551
7668
7546
7606
4746
26
7014
9174
2340
4554
1904
2030
9551
4667
6546
7668
3595
7531
3712
9312
8514
2570
9583
1770
759
4830
3702
4704
8311
9017
1987
532
6553
7246
8157
4787
6906
7702
9344
8552
4180
9741
5396
8249
8014
635
4515
8942
336
1483
3638
4014
6472
8182
1445
6979
1183
4716
2365
9406
7730
8415
1265
473
3097
1469
6562
6000
6092
6353
3843
9795
4161
8589
9927
4002
8933
2916
1749
123
4551
7853
3970
5630
5937
1359
2767
7568
4231
763
598
7560
537
6125
7758
8603
702
7041
3615
8424
4118
6011
8201
5658
3986
1359
6255
6661
8464
4285
4290
9033
9990
5078
9040
8919
5568
8886
5212
9057
765
4729
2611
110
8345
3363
659
7107
9032
6189
3560
8194
5396
4023
4924
7532
4924
1437
2040
6003
7882
4030
7688
4350
2238
8767
8070
5951
5740
7131
382
7392
9444
8309
6948
5593
6204
3513
8865
5793
9210
324
839
7064
7113
5436
9535
1259
9301
1694
1681
4020
7626
3505
4860
9927
2023
9575
9784
4185
861
243
3900
4139
8886
1131
4024
6589
4170
4388
1257
4988
7132
9080
6249
8407
8066
359
4463
2969
5045
2063
9208
3489
3251
2603
5291
7074
3822
7016
347
9625
3010
4617
7823
1693
2507
2543
5406
4618
1287
3975
5281
7883
6112
2502
7453
7830
8151
125
4457
711
1757
892
2540
6977
5400
508
8274
4168
5569
2027
7277
8538
3245
3639
8519
3361
9433
8276
8220
4327
5074
633
2003
4206
2620
8972
3502
6226
2662
8536
1054
8547
1429
2798
1242
5262
7678
6362
5363
4474
2889
4056
6591
7173
827
1739
4568
4901
6926
7748
429
721
6686
8746
4872
8835
7311
3555
9855
7486
1590
1398
8585
4568
9280
7661
7998
4222
913
346
9220
5970
4051
5283
7330
3151
8915
7665
160
9758
4321
9294
8546
9690
6947
5369
5179
9467
227
5462
9886
2541
1640
3833
27
7590
5748
6123
6875
6592
4395
2650
3726
3611
8356
4147
4289
6185
4102
1445
5923
7254
211
808
9706
2306
5194
4545
9280
8678
6816
6010
4757
650
6524
7335
6819
9077
3603
1314
6962
6234
6790
7990
9760
5090
2044
3727
7962
7732
2882
9088
8068
6169
5021
3834
3032
440
5956
2384
7229
3268
113
2214
8660
3545
2417
3060
8621
1240
3345
1044
7543
5302
6790
6438
1347
2523
8311
4627
554
4319
1118
7408
1696
4254
1499
1903
2897
1222
5412
1082
4846
7284
6164
108
24
9102
7037
3649
3251
7976
1309
9507
6876
5584
7174
9029
8122
4727
7644
6027
9179
3971
5631
1398
5491
9820
9494
4041
2603
5041
5981
5801
7315
6201
8276
7591
4178
9099
325
4324
7599
5881
6167
4659
6235
1223
8335
1748
2145
7079
5875
6465
4855
3266
9329
6733
1074
4916
6480
6363
9644
9830
3094
1359
7544
4668
8858
3174
3612
9097
5058
7806
3432
9963
5090
2193
8571
623
7149
148
3170
1380
4149
4617
4516
187
6330
4917
6694
6186
2888
2915
7782
7595
5150
8883
5172
847
6744
8549
9032
9712
4648
3922
1719
4774
8842
8148
9748
8194
3496
1383
8266
8303
3792
4779
5731
8879
6902
8267
6079
5822
7900
6066
183
5779
8355
4195
5641
5148
1779
2765
2274
2098
9465
4323
7949
3296
2410
7047
3366
4329
551
2668
9688
6406
7604
8794
8138
2194
5393
5488
1433
702
1791
9332
7429
2848
1137
394
5613
4578
3456
8862
2224
411
3433
3909
4494
6402
3528
6351
9425
1138
2217
3907
468
9648
7225
1994
9213
7232
5695
7204
4661
1783
5313
8184
3876
6806
3569
5268
6428
8235
1151
2377
5668
7822
3798
5248
6568
3302
8190
7961
1629
4198
7092
1212
5392
7567
7086
5157
4522
1305
2000
6703
1502
3884
1978
5246
8233
2295
142
8790
3366
4986
192
6148
4011
8400
3936
5925
159
8256
8697
7511
4377
5784
8612
3681
3578
77
5969
6934
6746
3817
955
8112
1335
5437
6488
5320
9285
3723
4197
4898
2032
6296
8093
6840
7075
7653
8264
9499
3743
4215
6367
6929
934
2095
1276
3426
4571
2157
3659
1763
846
2316
8591
5536
7348
7032
9482
2875
1015
3858
2530
1689
858
347
4458
736
6835
8249
7279
7406
759
2084
1793
7765
4989
1039
5137
5108
1755
738
384
6464
3330
9525
4498
8584
3745
718
3327
946
5172
4842
476
9105
4659
8884
631
7636
2573
946
384
4430
1452
8975
7672
5384
1436
7659
8681
1193
2115
5285
7351
4536
6902
6777
2519
9046
7306
168
2337
9576
364
6169
6152
3753
4027
3234
1314
1550
2048
4292
8168
2453
2634
8111
1761
1299
1109
8065
9010
1417
4542
580
4035
2470
777
9076
4438
3048
1603
7601
6399
6570
2079
6762
6767
9206
5941
5978
8550
1904
8609
2412
5968
2579
7076
8700
5073
9559
7766
4301
9410
7412
4722
8243
2109
7943
5852
3748
2666
1313
3395
392
6165
8855
8808
8783
3762
5173
8895
9703
1042
9158
4027
5061
903
526
4260
3372
7852
1477
1050
2956
9033
8909
7454
4134
5041
4438
8899
9853
8041
8737
4546
1581
4345
5242
2457
9738
5053
6145
717
8057
3778
5644
7230
6713
2260
928
8407
9336
6501
7182
7089
5677
2659
5827
7192
5869
4389
4096
4582
4274
1395
7118
9498
7069
9301
6293
2511
4460
787
7002
9277
8343
5991
9250
8390
8320
2836
5334
5265
5657
2658
610
1384
4374
3168
8190
510
8205
1734
5197
7380
4132
1294
8606
8836
6917
9095
4990
5493
1039
3532
6466
5402
3183
7890
1118
790
9666
1276
3060
4726
8785
1423
3931
741
6664
40
9711
125
8876
5674
8455
9506
2400
7857
1704
911
623
9510
8655
9389
8580
4421
9488
2321
9166
492
525
5938
6491
3029
2448
8435
3975
3182
3246
6962
2361
2707
3207
6000
2097
8547
7534
2870
1203
1082
8739
5395
9720
5696
8675
3675
2804
6276
985
9826
4709
3962
2406
1985
5198
144
9274
3560
2779
1690
3207
9477
4345
1744
8448
2896
6436
5802
1903
6913
5544
619
8954
7839
5780
9011
4382
3786
6733
8228
3656
6058
2504
4287
1056
1841
5585
8050
5002
2108
3897
5608
3131
6405
6217
4683
9659
5039
6633
9494
4683
9595
8409
9658
502
915
7387
6413
6235
3275
7994
6174
4109
3657
822
1011
3859
2672
8843
9335
9395
9983
6924
2104
2854
4530
8637
4362
5485
1335
6726
7873
7883
1394
7209
2110
8405
4563
3707
8170
787
5752
5981
1046
8469
3923
9894
6988
402
4712
4674
8042
4616
7426
6410
7046
4573
4000
2279
5306
6911
44
5175
4778
2404
5813
648
6541
1029
6048
5783
795
2797
5354
2989
7153
3277
4717
4074
8255
3656
7751
451
4893
5409
2508
9021
9395
3311
8484
5103
4863
7020
2427
6464
9509
7459
8618
9276
3637
4089
6763
5680
8481
4765
3754
9319
8661
5873
1798
26
4853
6016
1647
7234
2839
2633
2040
9569
1578
3954
6618
714
8501
7266
2661
7845
9298
6647
7601
2695
3227
3049
935
953
1356
2179
5578
9975
7652
7637
5555
3090
9465
6735
385
9765
4780
4134
5983
1159
5398
1378
2468
2871
8377
2733
3613
2088
3916
2878
260
2903
897
1827
1856
7605
4798
1041
9094
7139
1076
4666
1568
6216
5007
7970
4037
215
6220
5239
7
1791
9834
7057
1317
7724
2326
1835
2011
3697
9908
2158
8430
3166
6633
1976
1249
8633
3211
1191
9448
2644
3218
7806
1798
2811
6136
8187
1456
8746
2106
498
9126
5011
7012
319
9329
2404
7124
5783
6809
681
3628
5780
5245
4825
9987
6513
3138
5435
9101
2392
2505
8460
9425
2145
2111
2792
4305
5585
2953
2529
8086
1028
6655
6466
4725
3563
7644
7718
8615
8502
7140
8610
7868
4656
7875
8683
7658
581
8267
4375
3858
984
1197
3439
2201
641
2456
9589
3954
1445
1086
4359
2635
6367
9086
3519
8449
2862
1364
324
5313
65
5158
8626
1194
1778
2735
8562
3549
2985
8135
3605
4113
3365
2225
7419
3276
894
4320
304
10
360
7734
8151
8247
6960
1655
265
8058
1504
4733
2524
4739
9283
7223
7451
2375
7447
2220
1492
6573
5953
6520
8750
9345
567
6975
573
8752
1274
458
2903
6305
9042
2438
6383
5340
8308
459
6911
2486
5467
4588
4085
6969
6820
4748
8996
313
3774
8971
7202
1386
8876
1108
2498
7606
4873
7422
4241
5630
6956
1050
3421
8613
1703
3299
3577
8797
2845
2274
2858
5305
9160
2532
4419
8091
906
5127
4606
8284
4438
5502
5304
6389
5041
1668
1029
637
1063
2784
9890
7083
5139
6586
9191
9986
3126
3945
1263
6490
7797
5279
7743
6481
4378
6872
899
7065
655
1032
9601
4816
6180
7310
1506
217
4528
4344
3980
2140
2783
413
1203
8482
9904
1814
3338
696
186
7588
6725
9201
2749
687
5203
2495
1074
4482
6124
4528
6259
7801
7851
6912
8006
7144
7057
1509
4821
9867
3192
6104
7769
8567
4833
5844
8495
461
8188
3183
7086
5930
3275
3361
8217
1760
2106
538
9899
1497
5212
4833
228
4439
4537
167
6708
1177
2032
4857
1678
9600
9942
2352
1328
8993
5107
2821
5910
901
9790
950
7064
1948
5498
1623
8148
6187
2754
4683
9160
3105
7594
9469
6066
2564
5434
3426
5777
2067
4762
7272
7202
2174
1477
420
1749
9302
585
8928
774
8617
8102
290
9183
3027
6178
6674
7943
2649
3152
5054
7347
2313
4917
5515
7742
3480
1469
2512
7124
1653
4191
829
3442
1685
4481
1317
3347
8378
8401
7692
1611
8747
6234
844
3763
4807
2763
1657
4711
8754
21
4528
2961
6745
2773
5104
1642
2469
9296
6981
3187
9260
6293
5035
388
8501
6783
1375
4937
6734
7014
9200
7467
3228
8624
2879
4032
8221
2447
7372
857
2660
6945
345
3405
7936
919
5366
2263
4030
9151
1602
4507
5181
1756
6124
7707
3204
5422
3222
8252
3476
7176
4910
4022
7201
4822
2206
7770
132
8408
259
5473
7291
5872
3
513
151
2968
1246
7605
9948
9395
681
1504
5948
1163
1458
6654
162
6368
5026
3856
9718
9887
3058
1671
5468
6020
5879
4547
9937
2105
7625
2366
4465
5468
7949
6233
5584
1645
947
7311
9120
5270
8084
5971
2104
6719
8106
4582
6869
4262
3448
5363
30
7385
1504
1953
2371
4606
7619
8293
9509
6855
4903
6721
1096
3548
4693
9932
2569
5763
549
8182
3319
8662
4805
7772
8587
718
4970
8602
9938
6998
9440
6255
2928
2335
3887
5193
3198
4411
6335
6509
9276
6042
8897
2001
1919
6606
5248
844
5153
8484
9459
8035
2713
3459
2780
6350
3343
1819
3092
2503
2538
4506
5041
3137
1489
9036
714
2658
157
7495
4056
2738
2757
2696
596
1815
1501
818
5720
8247
4716
9212
1228
8295
4216
1214
6212
3343
5071
2246
5533
9364
2245
4973
7813
2190
9807
374
4714
5791
6886
3534
2126
7215
9068
3186
1395
2998
4424
7680
7909
4131
6463
2913
7191
484
6856
9390
4764
2728
9123
2083
2593
2801
3217
9608
2329
7189
8320
8327
7442
5737
7404
7451
2451
7557
168
943
5485
8075
2371
3671
3304
7103
493
7192
7186
648
4410
4786
9430
8742
1871
9796
9538
9859
5653
7
5356
4502
9633
6569
3518
9787
2538
6396
2327
6932
624
5661
2920
2473
9011
8815
7014
1931
1885
6640
1809
1729
7489
5351
7085
457
2778
7840
7982
7090
1375
2457
1121
1077
9149
5736
9104
3185
7517
893
6608
9339
2809
119
8613
5982
6932
439
5299
1561
4274
8149
9347
4047
1518
6556
4250
8055
7785
4861
4187
7275
5048
7090
306
6249
4932
9908
3739
4141
9478
2513
6324
5858
2576
6843
4525
9004
6345
1302
8299
9192
775
6999
9970
6196
7601
435
3655
5574
7989
7554
624
6160
5218
1414
2653
6016
3626
3741
3526
8695
8275
5493
2467
9825
790
2523
3898
271
9056
1526
9423
3514
811
4549
3947
5529
8329
4423
6630
6778
2797
8272
3786
9315
6336
8662
6979
9864
4532
1220
6322
8324
923
3800
2470
2605
6905
334
1706
4356
3768
7123
4629
3382
4679
1662
4714
1952
2819
8540
8008
3785
6188
1621
7011
3849
7962
4232
3883
7070
1480
1472
952
1377
9790
3080
8063
7561
2393
6768
648
4627
9948
962
5118
6418
6955
6128
4680
7764
4483
6010
5783
6821
6165
4995
3183
1232
3469
9177
9775
4592
6055
7733
4696
1836
6186
7776
5727
3891
2311
2044
3081
7556
6493
5341
920
9541
6112
227
2028
5847
5863
1128
7008
4476
9902
2867
6659
9363
1219
4846
8078
6390
2146
4462
3667
4597
3853
9747
5042
2004
5270
8408
3157
834
8276
3421
754
7102
9786
633
1203
3051
4441
8148
7503
7422
8657
4215
6694
3430
9539
9965
3918
3935
1947
5660
893
9123
607
7265
3641
3927
4970
6625
695
590
9302
5030
9993
1322
9376
607
3685
524
6294
6309
805
1699
7369
4554
1634
536
7861
8972
3004
4373
2152
3932
1022
4393
2472
6782
6711
6412
88
4392
5691
4086
9696
1708
9394
9064
4974
2509
7331
5826
8412
6451
995
9951
7357
6251
3997
3982
4663
3447
3047
690
5315
2834
7705
1402
9078
7418
7503
7584
1909
8381
4822
1843
6709
7242
8721
3803
8516
2289
8936
8004
4733
4890
6655
3958
1926
1704
3587
6366
3785
6702
7998
9600
8756
2505
8764
7744
3738
4950
1926
8267
5455
1636
9339
3200
1763
491
698
7016
4523
9329
9048
6758
2549
2133
148
8440
7688
6186
3737
3622
8958
6251
2192
85
6732
5076
3822
5636
9146
8691
7129
9702
9523
6908
79
5877
9447
2847
1142
928
7157
7042
7257
5242
2495
6970
8779
633
8709
4437
4112
2310
7873
7688
2000
6814
3003
6704
6533
3640
8125
6934
405
5668
5079
2497
2315
2233
5499
643
7515
9725
1218
1837
646
128
7258
1012
9461
7620
9548
5436
7868
7591
8320
6916
5537
6390
2572
6252
8987
862
6586
3941
3103
9698
7084
8395
98
2305
9043
289
4183
648
823
4394
9511
4362
2315
8013
3420
2384
7180
5694
9428
696
7970
4345
6283
3763
2057
6448
7534
9506
7772
5439
991
5878
6352
6882
2708
4443
944
5276
1953
9693
383
3166
8005
5437
9874
9024
2947
1875
2469
5899
5270
4172
8936
4309
6880
8622
3219
4987
6721
420
1719
6235
8438
8365
9691
6661
1952
8504
4885
1127
2739
3093
9936
9541
5797
2883
9637
3760
93
5379
8703
6338
3441
5425
4698
2645
9820
6520
1299
6554
6801
7139
3041
9836
7082
7075
925
3351
8731
756
1035
1695
7226
8781
3415
5101
6291
7760
7857
9288
662
4898
2117
1946
9736
4710
5782
1689
6237
1172
6219
4915
7930
6930
2680
9302
2860
66
8608
5463
1379
6196
5337
9798
1259
1714
5630
2353
5030
7938
5769
5996
7251
223
1367
2844
4661
4872
3393
1735
3055
2783
6948
2805
837
9249
1326
4762
4028
2606
9173
2124
621
6957
3695
7758
6879
8375
7352
3425
2201
152
1349
1475
9014
7423
7621
190
9116
2571
3939
2890
4579
3603
7726
2286
5134
9008
2246
9106
8551
8376
5874
4373
797
6421
9088
1907
5782
3673
7108
5367
9673
7185
8605
6092
2821
9727
5986
380
5116
2196
3352
41
6533
1453
6862
6808
838
8579
6392
8252
3865
7588
2748
8989
7366
7049
3819
7630
7427
703
434
8911
3674
1507
8729
6286
3091
6869
2014
2119
6565
2447
597
778
2905
2938
3711
7444
606
8039
6466
3123
4105
9706
7567
2361
4838
1096
7475
4708
451
5448
1541
4123
6187
261
3467
4468
4675
831
6214
9363
5928
9659
5266
307
4154
8212
2856
2060
1460
5671
1110
2992
6286
4875
7473
3948
2193
476
9851
2063
694
581
8496
4988
4990
8073
6635
9821
13
6349
6929
9758
3294
5399
3734
9091
2722
9060
5002
8890
9092
1119
5883
4344
4677
1093
984
5307
894
6569
6842
4267
8722
8069
8524
7251
2202
9950
9854
1377
4936
3899
3049
5216
7028
7422
5497
2969
4517
1645
6536
2396
405
4990
9293
613
254
5417
2457
6493
8766
9845
5770
9921
4757
2643
2664
9716
9577
9320
2106
7503
4508
9423
3734
9721
4086
9634
9835
6008
4630
4789
8486
270
7854
6435
1557
7083
9614
4990
4977
111
7572
2886
9315
108
5364
4786
6397
4449
3321
3776
5851
3796
5516
3732
8388
1234
6175
4338
6068
7060
3001
7668
2130
5516
6126
9866
1196
9128
3298
6340
5809
1946
4199
3167
3746
672
3037
9914
8670
664
5094
1912
7606
9559
7408
1125
6042
2813
2222
770
6110
4316
7287
7862
3100
2603
3810
568
4785
8570
4040
5642
4357
5003
8725
8847
3660
3468
7367
8391
8571
9359
3099
4625
7063
5836
8961
4444
9958
8745
8527
4365
6590
3206
6421
2524
4941
4494
4915
7055
2353
1290
962
1585
2148
1349
6894
2826
8349
8777
9072
2324
2646
7486
9758
8976
4323
8587
7059
4700
9296
2445
805
5425
656
4105
4419
9238
6122
5070
6154
8626
6216
9551
8634
309
8680
6996
1143
3505
7246
6596
4023
4716
8331
4864
5400
4421
7397
5857
7238
6294
9559
1309
4856
1511
3263
4147
5725
3744
9745
8268
2567
2300
2823
699
2321
5373
8639
3757
4429
2950
1798
9779
6944
1144
2270
3388
2989
3519
5724
5734
8235
2421
8579
1658
7474
9457
9787
5555
6496
8658
5460
9472
3681
3592
9020
9678
287
4670
6844
9956
2660
7965
879
3489
8305
7550
7561
3580
4301
403
6508
984
3745
232
8918
9039
4336
3914
9330
7764
9142
5099
8536
5939
1724
4700
8571
5759
2498
3687
4714
7944
8274
6141
5683
5197
1267
4574
438
7988
4753
7211
6549
2784
4348
6318
506
3586
2868
8052
1376
9214
9220
3665
7111
8697
6337
2435
7243
2110
8079
2166
6638
1611
526
8641
737
1954
2133
6358
9259
9064
9981
8587
8989
9502
9418
9074
2474
2909
7308
4446
4759
1418
3347
3526
8343
3030
4489
317
4144
1430
7644
2991
1885
9318
249
950
659
9939
8240
3438
9185
1133
3265
8322
5042
3800
1248
4746
2363
6191
2007
9475
5189
7456
7237
7385
7847
3681
7347
6037
6261
3773
6798
9789
5486
4970
2830
6236
3336
4781
1518
2557
7189
8775
1068
3171
4138
7068
4373
4574
1235
506
2618
514
1069
9159
891
3634
9493
251
4535
1999
5975
7760
802
30
767
442
2058
6082
4696
6607
662
602
7978
2023
2360
7749
8894
8123
4176
7130
6862
5677
384
3277
4222
4739
2846
1168
7465
4705
2398
4358
470
9347
62
145
6712
6610
5787
3293
331
4089
7802
6531
6154
7170
2440
6127
832
8293
7411
2043
9835
72
2622
390
2990
577
7653
2734
9637
4819
5058
2686
1199
4977
6340
5141
4153
2151
2248
9663
1570
1795
4943
668
1315
9415
2200
5003
8188
9992
8859
7652
5858
3566
4256
9547
3858
6679
4923
4300
7128
5665
8231
4945
3973
781
9844
8606
418
4325
9231
8155
4414
2487
6738
7261
8247
8828
7143
2638
2412
2566
3323
7745
9298
4017
1927
923
3163
5308
9835
8334
2447
9582
6016
9822
2688
5008
7796
8456
8279
3792
9106
6961
5401
8156
3595
1808
7430
9790
6175
1393
774
2216
1927
5560
2947
3846
6461
1529
4415
5328
6909
4272
7737
135
6244
5873
9774
8960
414
3629
317
127
8844
1601
619
2424
2677
3918
3129
5504
2469
5244
676
9311
1036
6568
8455
4113
3896
7492
1463
9068
5289
3112
1609
4403
6280
1888
8705
6056
1746
8126
1172
8584
3090
4519
2083
9703
7135
2234
7561
3252
9468
2892
278
3390
4275
4040
6445
4903
9660
836
2964
4305
6207
9516
5981
8164
6306
8030
3499
9977
5470
4208
5233
3362
3019
4741
5359
7480
5468
4433
9819
5734
3147
1802
1159
2109
158
2546
140
6204
3674
753
309
6201
7319
2370
4482
6943
8577
8418
4918
865
723
736
8261
7279
4803
8622
4687
6928
2834
8857
4149
1833
8448
1787
9629
277
4793
3029
8581
895
9786
6071
4091
3052
4318
3537
7654
9048
1249
554
3291
5128
3435
3882
5031
7124
576
9821
3149
9524
8328
6503
12
9393
8603
202
8814
4544
7397
3606
452
4846
4434
7895
5160
929
9535
1764
1481
4496
2153
6865
7093
8440
4916
9664
6889
6354
5264
7642
5650
4262
7144
1984
4046
1452
6260
5426
1967
9563
7749
1567
6091
729
6450
3977
4594
1999
6860
9862
2942
9756
5505
9217
1855
9250
5430
9620
8974
114
2330
6114
4532
6001
6565
7661
8944
3388
8617
826
594
8295
1795
2191
5258
5965
1317
984
9652
1263
8753
9538
4663
438
7011
4695
2255
5734
946
6907
2960
9921
4129
3559
5152
8749
6544
8723
347
6039
2749
5748
7537
6843
7144
5051
4405
2377
9490
1101
9383
8662
7867
7104
6774
9355
6917
349
4979
8506
3612
3363
8476
3713
9617
7793
8052
3956
406
4715
4506
1339
8213
7840
7251
5532
5186
8985
1232
1380
8369
7616
5416
2571
9653
2529
7189
3705
1129
4807
1905
7309
2711
6347
3623
2311
9321
1344
7120
6584
4529
7374
9939
7361
9977
8673
6043
8956
6330
4907
4457
8091
8770
770
7532
5241
634
522
4668
5748
5770
9102
2696
3034
4585
8894
8938
2267
4725
3194
8305
2724
3586
7179
585
9459
5221
2166
2574
8239
5049
1191
8376
1615
51
4666
75
4809
6491
4554
1755
3278
5066
1525
8787
7132
3283
6480
2945
3221
9728
7271
2247
2734
2376
8990
2939
4420
6643
7883
575
7224
8917
7884
6553
283
4997
4604
6268
841
459
2817
2006
677
4636
7310
2819
7241
9245
5787
6920
1473
4683
6781
1691
6632
5860
4732
8407
7463
1995
6458
4752
6630
4757
8402
262
4622
1128
3875
5663
4646
3136
1431
6470
7682
9584
4361
6949
6742
7647
7227
9015
483
7026
5564
2402
2007
2113
9264
6014
9849
7463
682
7974
9527
9205
1142
6004
1268
2405
7830
320
1915
664
9728
9983
3109
8453
7937
3858
676
6001
6422
2999
6154
8470
3767
5690
5667
9332
2377
7986
7813
2713
7153
8505
8473
4110
93
4972
8060
7524
796
4831
3897
8943
8305
7025
8181
4962
4640
8339
3916
9469
7877
7995
8464
188
4172
3879
4369
1972
2757
1661
6795
9815
1251
7177
8792
4980
8326
7973
6762
5636
5716
3246
7013
9357
6276
5489
663
9469
5941
3189
6169
4615
7186
734
9530
9149
2518
3283
6976
7648
8051
175
6234
8004
6227
4785
5149
584
5072
8651
968
1556
4498
7682
5614
202
9128
1855
1672
3986
3808
5539
82
6121
2838
795
2644
8462
5276
8068
7513
9579
2654
920
2937
1131
6869
6541
6716
6168
1924
2524
3669
4152
1427
9421
9696
4611
8074
601
6988
9612
5770
6749
804
4700
7511
894
2790
7155
3963
7790
6964
2996
5241