965
 253
 189
 302
  82
 711
  74
 579
 566
 135
  18
 425
 800
 289
 865
  51
  28
 244
 816
  13
 335
 812
 184
 265
  27
 849
 736
 828
 411
 583
 886
 243
 521
 274
 682
 360
 245
  62
 519
 928
 113
 893
 258
 889
 925
 639
 282
 261
 108
 721
 848
 497
 284
 345
  76
 162
 496
 296
 946
 746
 605
 410
 149
 984
 233
 219
 674
 326
 813
 152
 218
 467
 804
 994
 317
  22
 406
 148
 472
 802
 315
 852
 435
 715
 469
 574
 103
  84
  17
 717
 964
 160
 505
 561
 621
 541
 743
 668
 657
 287
 187
 374
 260
 549
 843
 529
  23
 888
 168
 892
 866
  37
 516
 275
 126
 875
 191
 508
 610
 978
 419
 913
 526
 107
 487
 130
 597
 595
 600
 643
 276
 195
  85
 278
 313
 872
 502
 331
 190
 330
 945
 883
 123
 389
 415
 780
 662
  34
 306
 183
 609
 308
 470
 310
 524
 681
 493
 677
 137
 664
 226
 377
 787
 250
 853
 824
 324
 385
 118
 990
 652
 206
 789
 444
 155
 694
 381
  89
 171
 446
 559
 269
 242
 589
 535
 769
 252
 744
 350
 426
 832
 801
 991
 607
 755
 116
  49
 388
 653
 992
 918
 492
 616
 458
 705
 796
 975
 514
 533
 158
 509
 819
 722
  58
  88
 459
 930
 831
 105
 732
 604
 774
 603
 185
 735
 523
 361
 547
 305
 862
 129
 753
 270
  98
 157
 341
 695
 578
 344
 198
  12
 486
 532
 212
 734
 443
  64
 954
 530
 939
 114
 598
 204
 699
 718
 503
  15
 401
 343
 651
 176
 319
 902
 741
 864
 585
 587
 382
  38
  29
 210
 957
  47
 823
 700
 399
   9
 316
 810
 384
 354
 900
 140
 181
 987
 235
 525
 845
 941
 369
 404
 180
 602
 637
 996
 745
 691
  95
 588
 614
 781
 237
 584
 437
 507
 934
 742
 659
 797
 362
 751
 339
 273
 255
 779
  11
 136
 725
 304
 963
 461
 649
 527
 429
 483
  41
 729
 644
 424
 876
 560
   8
 122
 839
 373
 947
 263
 208
 611
 897
 106
 538
 763
  20
 159
 143
 177
 490
 163
 826
 933
 785
 858
  36
 985
 522
 720
 423
 726
  63
 501
 408
 980
 120
 186
 783
 592
 485
  42
 778
 895
 329
 156
 894
 844
 151
 599
 952
 144
 355
 820
 175
 495
 728
 870
  69
  86
 232
 465
 937
 676
 357
 959
 325
 379
 515
 593
 387
 901
 762
 192
 821
 949
 402
 997
 646
 225
 993
 199
 372
 829
 950
 678
 534
 968
 109
 624
 638
 842
 513
 558
 327
   5
 259
 153
 100
 931
 822
 249
 983
   2
 768
 974
 430
 923
 683
 414
 921
 340
 440
 714
 254
 648
 390
 352
 543
 911
 706
 851
 910
 697
 510
 271
 830
 871
 739
 786
 940
 323
 182
 416
 301
  33
 760
   4
 625
  30
 924
 811
  75
 294
 703
 196
 236
 145
 292
 378
 730
 239
 570
 528
 481
 973
 857
 944
 234
 464
 207
 147
 211
 765
 943
 564
  73
 636
 540
 596
 205
 976
 456
 581
 433
 738
 336
 291
 938
 772
 563
 713
 747
 658
 334
 167
 640
  83
 281
 619
 835
 229
 806
 784
 979
 881
  56
 915
 776
  92
 202
 613
 773
   1
 300
 391
 880
 545
 358
 337
 809
 554
  72
 748
 896
 172
 618
 908
 359
 686
 757
 655
 280
  50
 917
  45
 247
 295
 482
 214
 567
 740
 441
 998
 428
 761
 572
 660
 412
 110
 629
  99
 898
 792
 133
 825
 723
 709
  14
 422
 431
  70
 154
 227
 926
 877
  57
 770
 958
 794
 986
 847
 161
 174
 450
 272
 223
 565
 546
   3
 141
 795
 798
  44
 134
 138
  78
 663
 704
 542
 445
 972
 882
 366
 488
 434
 520
 407
 146
 920
  46
 904
   7
 767
 348
 473
 413
 279
 364
 288
 491
 457
 371
 241
 673
  35
 217
 948
 879
 671
 989
 777
 710
 179
 885
 645
 164
 297
 684
 956
 799
 427
 131
 309
 397
 590
 531
 669
 127
  32
 932
 953
 165
 708
 627
 386
 601
  68
 914
 912
  77
 480
 449
 752
 216
 409
 537
 139
 142
 654
 766
 685
 665
 299
 960
 474
 672
  40
 727
 724
 814
 906
 363
 666
 556
 689
 615
  43
 266
 178
 347
 966
  31
 737
 568
 626
 855
 661
 460
 188
 462
 506
 368
 420
  97
 833
 962
 571
 400
 988
  52
  66
 322
 512
 707
 982
  71
 224
  54
 544
 606
 878
 454
 442
 349
 380
 553
 518
 562
 320
1000
 617
 837
 575
 375
 102
 899
 656
 169
 608
 971
 868
 246
 981
 396
 463
 489
 193
 453
 977
 119
 376
 576
 955
 173
 791
 257
  10
 356
 594
 582
 286
 104
 719
 394
 623
 494
 670
  80
 631
  61
 552
 455
 551
  25
 861
 277
 764
 712
 890
 633
 536
 970
 698
 836
  67
 125
 557
 754
 750
 230
 290
 818
 312
 642
 421
 213
 298
 838
 999
 115
 942
 475
 194
 417
 476
 759
 353
 328
 951
 647
 628
 221
 733
 622
 630
 854
 667
 333
 936
 675
 692
  59
 117
  24
 841
 859
 909
 201
 788
  53
 884
 479
  94
 484
 840
 803
 995
 215
 307
 687
 922
 393
 929
 112
 452
 580
 846
  55
 200
 834
 641
 447
 907
 466
 256
 499
 318
 121
  96
  16
 132
 927
 817
 807
 808
 511
 887
 403
 203
 634
 222
 418
 827
 303
 612
 283
 504
 498
  65
  91
 267
 124
  79
 471
 439
 874
 573
 342
 873
  60
 650
 111
 863
 961
 150
 293
 101
 468
 688
 500
 555
 577
  87
 264
 311
 170
 238
 451
 679
 632
 240
 969
 967
 370
  90
 856
 477
 782
 332
 586
  81
  26
 367
 731
 220
 248
 436
 285
 321
 935
 228
 539
 392
 262
 251
 919
 860
 438
 128
 346
 338
 805
 365
 690
 635
 517
 702
 696
 405
 166
 620
 905
 758
 231
 432
 815
 790
  93
 268
 351
  39
 775
 701
 793
  48
   6
 771
 209
 680
 197
 383
 314
  21
 756
 398
 749
 550
 903
 850
 548
 395
 869
 693
 867
 716
 448
 916
  19
 478
 591
 569
 891